AnmDrivenPosVel:
  BackWalk: 0.0729999989
  BattleRun: 0.157000005
  BattleWalk: 0.0729999989
  BattleWalkLoop: 0.0729999989
  Face_C_Run: 0.0
  GuardBackWalk: 0.0729999989
  GuardWalk: 0.0729999989
  RainRun: 0.126000002
  Run: 0.125
  Run_GoronRoll: 0.293000013
  Walk: 0.0520000011
CurveSpeed:
  BackWalk: 0.0
  BattleRun: 4.85900021
  BattleWalk: 0.0
  BattleWalkLoop: 0.0
  Face_C_Run: 0.0
  GuardBackWalk: 0.0
  GuardWalk: 0.0
  RainRun: 3.66499996
  Run: 3.67600012
  Run_GoronRoll: 6.31500006
  Walk: 1.273
