$parent: Work/Phive/ClothReaction/Link_Hair_3.phive__ClothReaction.gyml
ReactionParam:
- DragForce: 0.100000001
  Frequency: 0.800000012
  ReactionSpeed: 5.0
  SubWind: {X: 0.0, Y: 1.0, Z: 0.0}
  SwingFactor: 0.100000001
- DragForce: 0.599749982
  Frequency: 4.8977499
  ReactionSpeed: 15.0
  SubWind: {X: 0.0, Y: 2.49905992, Z: 0.0}
  SwingFactor: 0.599940002
