AlphaMul: 0.400000006
AlphaMulMax: 0.699999988
AlphaMulMin: 0.400000006
AlphaMulSinSeedAdd: 0.00999999978
AlphaThreshold: 0.699999988
AlphaThresholdMax: 0.75
AlphaThresholdMin: 0.5
AlphaThresholdSinSeedAdd: 0.00999999978
BacklightParam0: 0.349999994
BacklightParam1: 0.699999988
BacklightPowe: 1.20000005
BacklightRange: 0.5
BaseTexScale: 1.5
BaseTexScaleMax: 2.25
BaseTexScaleMin: 1.5
BaseTexScaleSinSeedAdd: 9.99999975e-05
DarkSideNoiseParam: 1.0
Density: 0.349999994
DensityMax: 0.400000006
DensityMin: 0.200000003
DensitySinSeedAdd: 0.00999999978
Distotion: 0.600000024
DistotionMax: 0.699999988
DistotionMin: 0.5
DistotionSinSeedAdd: 0.00999999978
EmbossDensity: -0.00659999996
EmbossWidth: 0.0500000007
FarAlphaChgPower: -1.0
FarDistotionChgPower: 8.0
HighlightAmbient: 0.0500000007
HighlightPower: 0.00999999978
HighlightRange: 1.29999995
LightSideNoiseParam: 0.25
ShadowPower: 0.100000001
SkyHeight: 8000.0
SkyHeightMax: 8500.0
SkyHeightMin: 7500.0
SkyHeightSinSeedAdd: 0.00999999978
