AlphaMul: 0.0
AlphaMulMax: 0.949999988
AlphaMulMin: 0.75
AlphaMulSinSeedAdd: 0.0299999993
AlphaThreshold: 0.600000024
AlphaThresholdMax: 0.860000014
AlphaThresholdMin: 0.773999989
AlphaThresholdSinSeedAdd: 0.0299999993
BacklightParam0: 0.219999999
BacklightParam1: 0.310000002
BacklightPowe: 1.09000003
BacklightRange: 0.449999988
BaseTexScale: 1.5
BaseTexScaleMax: 2.25
BaseTexScaleMin: 1.5
BaseTexScaleSinSeedAdd: 9.99999975e-05
DarkSideNoiseParam: 0.5
Density: 0.800000012
DensityMax: 0.589999974
DensityMin: 0.474999994
DensitySinSeedAdd: 0.0299999993
Distotion: 0.550000012
DistotionMax: 0.699999988
DistotionMin: 0.633000016
DistotionSinSeedAdd: 0.0299999993
EmbossDensity: 0.0250000004
EmbossWidth: 0.075000003
HighlightAmbient: 0.200000003
HighlightPower: -0.119999997
HighlightRange: 2.29999995
LightSideNoiseParam: 1.0
ShadowPower: 0.0785000026
SkyHeight: 7000.0
SkyHeightMax: 10000.0
SkyHeightMin: 7500.0
SkyHeightSinSeedAdd: 0.0250000004
