AlphaMul: 0.699999988
AlphaMulMax: 0.75
AlphaMulMin: 0.550000012
AlphaMulSinSeedAdd: 0.0149999997
AlphaMul_IsUseBase: false
AlphaThreshold: 0.75
AlphaThresholdMax: 0.800000012
AlphaThresholdMin: 0.699999988
AlphaThresholdSinSeedAdd: 0.0149999997
AlphaThreshold_IsUseBase: false
BacklightParam0: 0.140000001
BacklightParam1: 0.800000012
BacklightPowe: 0.0799999982
BacklightRange: 1.20000005
BaseTexScale: 1.75
BaseTexScaleMax: 2.5
BaseTexScaleMin: 1.60000002
BaseTexScaleSinSeedAdd: 9.99999975e-05
DarkSideNoiseParam: 1.0
Density: 0.5
DensityMax: 0.550000012
DensityMin: 0.474999994
DensitySinSeedAdd: 0.0149999997
Density_IsUseBase: false
Distotion: 0.699999988
DistotionMax: 0.800000012
DistotionMin: 0.600000024
DistotionSinSeedAdd: 0.0149999997
Distotion_IsUseBase: false
EmbossDensity: -0.00999999978
EmbossWidth: 0.0500000007
FarAlphaChgEnd: 0.400000006
FarAlphaChgPower: -0.800000012
FarAlphaChgStart: 0.0
FarDensityChangeEnd: 0.300000012
FarDensityChangePower: 0.150000006
FarDensityChangeStart: 0.100000001
FarDistotionChgPower: 12.0
FarDistotionChgStart: 0.100000001
FarUVPow: 0.800000012
HighlightAmbient: 0.0500000007
HighlightPower: -0.100000001
HighlightRange: 1.5
LightSideNoiseParam: 0.25
ScatterAmbient: 0.400000006
ScatterHeight: 1.0
ShadowPower: 0.119999997
SkyHeight: 1000.0
SkyHeightMax: 1000.0
SkyHeightMin: 1000.0
SkyHeightSinSeedAdd: 9.99999975e-05
SkyHeight_IsUseBase: true
