AlphaMul: 0.899999976
AlphaMulMax: 0.980000019
AlphaMulMin: 0.800000012
AlphaMulSinSeedAdd: 0.0299999993
AlphaMul_IsUseBase: false
AlphaThreshold: 0.699999988
AlphaThresholdMax: 0.75
AlphaThresholdMin: 0.600000024
AlphaThresholdSinSeedAdd: 0.0299999993
AlphaThreshold_IsUseBase: false
BacklightParam0: 0.140000001
BacklightParam1: 0.25
BacklightPowe: 0.100000001
BacklightRange: 1.20000005
BaseTexScale: 1.75
BaseTexScaleMax: 2.5
BaseTexScaleMin: 1.60000002
BaseTexScaleSinSeedAdd: 9.99999975e-05
DarkSideNoiseParam: 1.0
Density: 0.600000024
DensityMax: 0.649999976
DensityMin: 0.550000012
DensitySinSeedAdd: 0.0299999993
Density_IsUseBase: false
Distotion: 0.5
DistotionMax: 0.600000024
DistotionMin: 0.400000006
DistotionSinSeedAdd: 0.0299999993
Distotion_IsUseBase: false
EmbossDensity: 0.0250000004
EmbossWidth: 0.075000003
FarDensityChangePower: 0.150000006
FarDensityChangeStart: 0.300000012
FarUVPow: 0.800000012
HighlightAmbient: 0.174999997
HighlightPower: -0.119999997
HighlightRange: 2.29999995
LightSideNoiseParam: 0.5
ScatterAmbient: 0.5
ScatterHeight: 1.0
ShadowPower: 0.0785000026
SkyHeight: 1000.0
SkyHeightMax: 1000.0
SkyHeightMin: 1000.0
SkyHeightSinSeedAdd: 0.0250000004
SkyHeight_IsUseBase: true
