AngularLimitDeltaNeg: 6.0
AngularLimitDeltaPos: 6.0
AngularLimitMax: 30.0
AngularLimitMin: -30.0
AnimeSpeeds:
- AngularSpeeds: [1.30999994, 1.87, 1.87, 1.87]
  LinearSpeeds: [1.59000003, 5.26000023, 10.5200005, 15.7799997]
- AngularSpeeds: [1.30999994, 1.87, 1.87, 1.87]
  LinearSpeeds: [1.59000003, 5.26000023, 10.5200005, 15.7799997]
- AngularSpeeds: [1.30999994, 1.87, 1.87, 1.87]
  LinearSpeeds: [1.59000003, 5.26000023, 10.5200005, 15.7799997]
- AngularSpeeds: [1.30999994, 1.87, 1.87, 1.87]
  LinearSpeeds: [1.59000003, 5.26000023, 10.5200005, 15.7799997]
- AngularSpeeds: [1.30999994, 1.87, 1.87, 1.87]
  LinearSpeeds: [1.59000003, 5.26000023, 10.5200005, 15.7799997]
- AngularSpeeds: [1.30999994, 1.87, 1.87, 1.87]
  LinearSpeeds: [1.59000003, 5.26000023, 10.5200005, 15.7799997]
BasePlayRate: 0.949999988
BodyVirtualMassScale: -1.0
CalmDownNum: 10.0
EscapeGearType: Normal
IsEnableNeckPartialSplit: true
IsSetWaitASAtGear0: true
OverrideSteeringOutputKd: -1.0
OverrideSteeringOutputKi: -1.0
OverrideSteeringOutputKp: -1.0
SteeringOutputAvoidLerpRatio: 0.0799999982
SteeringOutputDLerpRatio: 0.200000003
SteeringOutputIClamp: 1.0
SteeringOutputIIRLerpRatio: 0.400000006
SteeringOutputIReduceRatio: 0.5
SteeringOutputKd: 0.0
SteeringOutputKi: 0.25
SteeringOutputKp: 3.0
WaitASCommand: Wait
