ActorName: Player
BasicParam: {CollisionNear: 0.100000001}
GfxColFadeActorDepthCoeff0: 0.0199999996
GfxColFadeActorDepthCoeff1: 0.00999999978
GfxColFadeActorDepthCoeff2: 0.0120000001
GfxColFadeActorDepthOffset1: 0.0
GfxColFadeHideThreshold: 0.25
GfxColFadePhysOffsetCoeff: 0.0700000003
StickSensitivity: [0.800000012, 1.20000005, 1.60000002, 2.0, 2.4000001]
