$parent: Work/Component/QuadrupedParam/Animal_Boar_A.game__component__QuadrupedParam.gyml
AnimeSpeeds:
- AngularSpeeds: [0.790000021, 5.5, 0.0, 0.0]
  LinearSpeeds: [0.769999981, 7.3499999, 0.0, 0.0]
- AngularSpeeds: [5.88999987, 7.8499999, 0.0, 0.0]
  LinearSpeeds: [7.88000011, 10.5, 0.0, 0.0]
- AngularSpeeds: [1.96000004, 5.88999987, 0.0, 0.0]
  LinearSpeeds: [1.92999995, 7.88000011, 0.0, 0.0]
- AngularSpeeds: [0.790000021, 5.5, 0.0, 0.0]
  LinearSpeeds: [0.769999981, 7.3499999, 0.0, 0.0]
- AngularSpeeds: [5.88999987, 0.0, 0.0, 0.0]
  LinearSpeeds: [7.88000011, 0.0, 0.0, 0.0]
- AngularSpeeds: [11.7799997, 0.0, 0.0, 0.0]
  LinearSpeeds: [15.75, 0.0, 0.0, 0.0]
BasePlayRate: 1.0
IsSetWaitASAtGear0: false
OverrideSteeringOutputKd: 0.100000001
OverrideSteeringOutputKi: 0.200000003
OverrideSteeringOutputKp: 2.0
SteeringOutputAvoidLerpRatio: 0.0799999982
SteeringOutputDLerpRatio: 0.200000003
SteeringOutputIClamp: 1.0
SteeringOutputIIRLerpRatio: 0.400000006
SteeringOutputIReduceRatio: 0.5
SteeringOutputKd: 0.0
SteeringOutputKi: 0.25
SteeringOutputKp: 3.0
