$parent: Work/Component/QuadrupedParam/Animal_Boar_A.game__component__QuadrupedParam.gyml
AnimeSpeeds:
- AngularSpeeds: [1.17999995, 2.55999994, 0.0, 0.0]
  LinearSpeeds: [1.39999998, 6.86999989, 0.0, 0.0]
- AngularSpeeds: [2.55999994, 3.06999993, 0.0, 0.0]
  LinearSpeeds: [6.86999989, 8.25, 0.0, 0.0]
- AngularSpeeds: [3.06999993, 0.0, 0.0, 0.0]
  LinearSpeeds: [10.3100004, 0.0, 0.0, 0.0]
- AngularSpeeds: [1.17999995, 2.55999994, 0.0, 0.0]
  LinearSpeeds: [1.39999998, 6.86999989, 0.0, 0.0]
- AngularSpeeds: [0.0, 0.0, 0.0, 0.0]
  LinearSpeeds: [0.0, 0.0, 0.0, 0.0]
- AngularSpeeds: [0.0, 0.0, 0.0, 0.0]
  LinearSpeeds: [0.0, 0.0, 0.0, 0.0]
BasePlayRate: 1.0
CalmDownNum: 10.0
IsEnableNeckPartialSplit: true
IsSetWaitASAtGear0: false
OverrideSteeringOutputKd: 0.0500000007
OverrideSteeringOutputKi: 0.150000006
OverrideSteeringOutputKp: 1.64999998
SteeringOutputAvoidLerpRatio: 0.0799999982
SteeringOutputDLerpRatio: 0.200000003
SteeringOutputIClamp: 0.5
SteeringOutputIIRLerpRatio: 0.400000006
SteeringOutputIReduceRatio: 0.600000024
SteeringOutputKd: 0.00999999978
SteeringOutputKi: 0.0199999996
SteeringOutputKp: 3.0
