$parent: Work/Phive/ClothReaction/Npc_Default.phive__ClothReaction.gyml
ReactionParam:
- DragForce: 0.150000006
  Frequency: 0.300000012
  ReactionSpeed: 5.0
  SubWind: {X: 0.0, Y: 0.0, Z: 0.0}
  SwingFactor: 0.150000006
- DragForce: 0.300000012
  Frequency: 1.45000005
  ReactionSpeed: 15.0
  SubWind: {X: 0.0, Y: 0.0, Z: 0.0}
  SwingFactor: 0.600000024
