AnimeSpeeds:
- AngularSpeeds: [0.939999998, 1.83000004, 0.0, 0.0]
  LinearSpeeds: [0.709999979, 5.90999985, 0.0, 0.0]
- AngularSpeeds: [1.83000004, 2.20000005, 0.0, 0.0]
  LinearSpeeds: [5.90999985, 7.09000015, 0.0, 0.0]
- AngularSpeeds: [5.80999994, 0.0, 0.0, 0.0]
  LinearSpeeds: [14.0500002, 0.0, 0.0, 0.0]
- AngularSpeeds: [0.939999998, 1.83000004, 0.0, 0.0]
  LinearSpeeds: [0.709999979, 5.90999985, 0.0, 0.0]
- AngularSpeeds: [0.0, 0.0, 0.0, 0.0]
  LinearSpeeds: [0.0, 0.0, 0.0, 0.0]
- AngularSpeeds: [0.0, 0.0, 0.0, 0.0]
  LinearSpeeds: [0.0, 0.0, 0.0, 0.0]
BasePlayRate: 1.0
IsSetWaitASAtGear0: false
OverrideSteeringOutputKd: 0.5
OverrideSteeringOutputKi: 0.200000003
OverrideSteeringOutputKp: 2.0999999
SteeringOutputAvoidLerpRatio: 0.0799999982
SteeringOutputDLerpRatio: 0.200000003
SteeringOutputIClamp: 1.0
SteeringOutputIIRLerpRatio: 0.400000006
SteeringOutputIReduceRatio: 0.5
SteeringOutputKd: 0.0
SteeringOutputKi: 0.25
SteeringOutputKp: 3.0
