$parent: Work/Phive/Ragdoll/AnimationDrive/EnemyBase_SmallDamage_Default.phive__RagdollAnimationDriveParam.gyml
BodyAnimationRatio:
  Arm_10_L: 0.5
  Arm_10_R: 0.5
  Arm_1_L: 0.100000001
  Arm_1_R: 0.100000001
  Arm_3_L: 0.200000003
  Arm_3_R: 0.200000003
  Arm_5_L: 0.300000012
  Arm_5_R: 0.300000012
  Arm_7_L: 0.400000006
  Arm_7_R: 0.400000006
  Hand_L: 0.899999976
  Hand_R: 0.899999976
  Head: 0.200000003
  Neck_1: 0.100000001
  Neck_3: 0.200000003
  Neck_5: 0.300000012
  Neck_7: 0.100000001
  Neck_9: 0.200000003
  Skl_Root: 0.800000012
