$parent: Work/Phive/Ragdoll/AnimationDrive/EnemyBase_SmallDamage_WhileAttacking.phive__RagdollAnimationDriveParam.gyml
BodyAnimationRatio:
  Arm_1_L: 0.5
  Arm_1_R: 0.5
  Arm_3_L: 0.699999988
  Arm_3_R: 0.699999988
  Arm_5_L: 0.899999976
  Arm_5_R: 0.899999976
  Head: 0.300000012
  Neck_1: 0.400000006
  Neck_3: 0.5
  Neck_5: 0.5
  Neck_7: 0.5
  Neck_9: 0.5
  Skl_Root: 0.899999976
