$parent: Work/Phive/Ragdoll/AnimationDrive/EnemyBase_SmallDamage_Default.phive__RagdollAnimationDriveParam.gyml
BodyAnimationRatio:
  Arm_1_L: 0.5
  Arm_1_R: 0.5
  Arm_2_L: 0.600000024
  Arm_2_R: 0.600000024
  Clavicle_L: 0.600000024
  Clavicle_R: 0.600000024
  Head: 0.449999988
  Leg_1_L: 0.899999976
  Leg_1_R: 0.899999976
  Leg_2_L: 0.899999976
  Leg_2_R: 0.899999976
  Neck: 0.400000006
  Skl_Root: 0.949999988
  Spine_1: 0.949999988
  Spine_2: 0.899999976
  Waist: 0.949999988
  Wrist_L: 0.99000001
  Wrist_R: 1.0
BodyDriveType: {}
DefaultDriveType: Velocity
MotorStiffnessScale: 1.5
