$parent: Work/Component/QuadrupedParam/Animal_Boar_A.game__component__QuadrupedParam.gyml
AnimeSpeeds:
- AngularSpeeds: [0.980000019, 2.75, 0.0, 0.0]
  LinearSpeeds: [1.49000001, 8.72000027, 0.0, 0.0]
- AngularSpeeds: [2.16000009, 2.3599999, 0.0, 0.0]
  LinearSpeeds: [6.8499999, 7.48000002, 0.0, 0.0]
- AngularSpeeds: [0.660000026, 2.95000005, 0.0, 0.0]
  LinearSpeeds: [0.99000001, 9.34000015, 0.0, 0.0]
- AngularSpeeds: [0.980000019, 2.75, 0.0, 0.0]
  LinearSpeeds: [1.49000001, 8.72000027, 0.0, 0.0]
- AngularSpeeds: [4.11000013, 0.0, 0.0, 0.0]
  LinearSpeeds: [14.0200005, 0.0, 0.0, 0.0]
- AngularSpeeds: [5.88999987, 0.0, 0.0, 0.0]
  LinearSpeeds: [18.6900005, 0.0, 0.0, 0.0]
BasePlayRate: 1.0
BodyPivotAdjustRange: 1.0
CalmDownNum: 10.0
IsEnableBodyPivotAdjust: true
IsEnableNeckPartialSplit: true
IsSetWaitASAtGear0: false
OverrideSteeringOutputKd: 0.0500000007
OverrideSteeringOutputKi: 0.100000001
OverrideSteeringOutputKp: 1.35000002
SteeringOutputAvoidLerpRatio: 0.0799999982
SteeringOutputDLerpRatio: 0.200000003
SteeringOutputIClamp: 0.600000024
SteeringOutputIIRLerpRatio: 0.360000014
SteeringOutputIReduceRatio: 0.400000006
SteeringOutputKd: 0.00999999978
SteeringOutputKi: 0.0399999991
SteeringOutputKp: 2.79999995
