$parent: Work/Phive/Ragdoll/AnimationDrive/EnemyBase_SmallDamage_WhileAttacking.phive__RagdollAnimationDriveParam.gyml
BodyAnimationRatio:
  Arm_1_L: 0.99000001
  Arm_1_R: 0.99000001
  Head: 0.200000003
  Leg_1_L: 0.99000001
  Leg_1_R: 0.99000001
  Neck_1: 0.300000012
  Skl_Root: 0.800000012
  Spine_1: 0.600000024
  Spine_2: 0.300000012
  Tail_1: 1.0
  Tail_3: 1.0
  Tail_5: 1.0
  Tail_8: 1.0
