$parent: Work/WorldMgr/ResEnvPalette/BloodyMoon_DarknessDragon.game__wm__ResEnvPalette.gyml
FogColor: {A: 0.400000006, B: 0.0313725509, G: 0.0117647098, R: 0.0901960805}
FogEnd: 400.0
FogStart: -50.0
SfParam_attenuation: 30.0
SfParam_near: 300.0
