$parent: Work/WorldMgr/ResEnvPalette/Ganondorf_Castle_Hole.game__wm__ResEnvPalette.gyml
AfParam_attenuationForGrd: 8.0
AmbientScale: 1.0
BgDifIntensity: 0.0
FogColor: {A: 0.5, B: 0.00784313772, G: 0.0352941193, R: 0.00784313772}
FogEnd: 200.0
FogStart: -25.0
VolumeMaskIntensity: 1.39999998
YFogColor: {A: 0.800000012, B: 0.00200000009, G: 0.00499999989, R: 0.0}
YFogStart: 50.0
