$parent: Work/WorldMgr/ResEnvPalette/MainField_Underground.game__wm__ResEnvPalette.gyml
AfParam_attenuationForSky: 10.0
AmbientScale: 1.20000005
BgDifColor: {A: 0.0, B: 0.3125, G: 0.25, R: 0.0625}
BgDifIntensity: 0.5
BloomIntensity: 0.100000001
FogColor: {A: 0.349999994, B: 0.0509800017, G: 0.0274500009, R: 0.0235300008}
FogEnd: 150.0
FogStart: -30.0
SfParam_attenuation: 4.0
SfParam_near: 0.0
VolumeMaskColor: {A: 1.0, B: 1.0, G: 0.521568716, R: 0.301960796}
VolumeMaskIntensity: 0.800000012
YFogColor: {A: 1.0, B: 0.0, G: 0.0, R: 0.0}
YFogStart: 25.0
