$parent: Work/WorldMgr/ResEnvPalette/Ganondorf_Castle_1.game__wm__ResEnvPalette.gyml
AfParam_attenuationForSky: 4.0
AmbientScale: 1.0
BgDifColor: {A: 1.0, B: 1.0, G: 1.0, R: 1.0}
BgDifIntensity: 0.0
FogColor: {A: 0.699999988, B: 0.0313725509, G: 0.0156862792, R: 0.0235294104}
FogEnd: 150.0
FogStart: -5.0
VolumeMaskColor: {A: 1.0, B: 0.592156887, G: 1.0, R: 0.301960796}
VolumeMaskIntensity: 0.600000024
