$parent: Work/WorldMgr/ResEnvPalette/MainField_Underground.game__wm__ResEnvPalette.gyml
AfParam_attenuationForSky: 10.0
AmbientScale: 1.39999998
BgDifColor: {A: 1.0, B: 0.349999994, G: 0.949999988, R: 1.0}
BgDifIntensity: 1.5
BloomClampedLuminance: 1.0
BloomIntensity: 0.200000003
BloomThreshold: 0.100000001
FogColor: {A: 0.600000024, B: 0.0, G: 0.00499999989, R: 0.00800000038}
FogEnd: 80.0
FogStart: -10.0
SfParam_near: 0.0
SkyRParam_mie_amplifier: 0.0
VolumeMaskColor: {A: 1.0, B: 0.301959991, G: 0.835290015, R: 1.0}
VolumeMaskIntensity: 0.600000024
YFogColor: {A: 0.100000001, B: 0.0, G: 0.180000007, R: 0.200000003}
