$parent: Work/WorldMgr/ResEnvPalette/MainField_Underground_Goron.game__wm__ResEnvPalette.gyml
AmbientScale: 0.800000012
FogColor: {A: 0.75, B: 0.00392156886, G: 0.0196078401, R: 0.00784313772}
FogEnd: 120.0
FogStart: 15.0
VolumeMaskIntensity: 1.5
