$parent: Work/Component/QuadrupedParam/Animal_Boar_A.game__component__QuadrupedParam.gyml
AnimeSpeeds:
- AngularSpeeds: [0.939999998, 1.83000004, 0.0, 0.0]
  LinearSpeeds: [0.709999979, 5.90999985, 0.0, 0.0]
- AngularSpeeds: [1.83000004, 2.20000005, 0.0, 0.0]
  LinearSpeeds: [5.90999985, 7.09000015, 0.0, 0.0]
- AngularSpeeds: [5.80999994, 0.0, 0.0, 0.0]
  LinearSpeeds: [14.0500002, 0.0, 0.0, 0.0]
- AngularSpeeds: [0.939999998, 1.83000004, 0.0, 0.0]
  LinearSpeeds: [0.709999979, 5.90999985, 0.0, 0.0]
- AngularSpeeds: [0.0, 0.0, 0.0, 0.0]
  LinearSpeeds: [0.0, 0.0, 0.0, 0.0]
- AngularSpeeds: [0.0, 0.0, 0.0, 0.0]
  LinearSpeeds: [0.0, 0.0, 0.0, 0.0]
BasePlayRate: 1.0
IsSetWaitASAtGear0: false
OverrideSteeringOutputKd: 0.400000006
OverrideSteeringOutputKi: 0.100000001
OverrideSteeringOutputKp: 2.20000005
SteeringOutputAvoidLerpRatio: 0.0799999982
SteeringOutputDLerpRatio: 0.200000003
SteeringOutputIClamp: 0.00999999978
SteeringOutputIIRLerpRatio: 0.400000006
SteeringOutputIReduceRatio: 0.5
SteeringOutputKd: 0.200000003
SteeringOutputKi: 0.0199999996
SteeringOutputKp: 3.0
