$parent: Work/Phive/ClothReaction/Light_String.phive__ClothReaction.gyml
ReactionParam:
- DragForce: 0.0799999982
  Frequency: 0.349999994
  ReactionSpeed: 5.0
  SubWind: {X: 0.0, Y: 0.0, Z: 0.0}
  SwingFactor: 0.300000012
- DragForce: 0.400000006
  Frequency: 0.699999988
  ReactionSpeed: 15.0
  SubWind: {X: 0.0, Y: 0.0, Z: 0.0}
  SwingFactor: 0.5
- DragForce: 0.300000012
  Frequency: 3.5
  ReactionSpeed: 20.0
  SubWind: {X: 0.0, Y: 0.0, Z: 0.0}
  SwingFactor: 0.600000024
