AnmDrivenPosVel:
  BackWalk: 0.0810000002
  BattleRun: 0.165999994
  BattleWalk: 0.061999999
  BattleWalkLoop: 0.0759999976
  GuardBackWalk: 0.0810000002
  GuardSideWalk: 0.061999999
  GuardWalk: 0.061999999
  RainRun: 0.133000001
  Run: 0.165999994
  SideWalk: 0.061999999
  Walk: 0.0469999984
CurveSpeed:
  BackWalk: 0.0
  BattleRun: 4.6500001
  BattleWalk: 0.0
  BattleWalkLoop: 0.0
  GuardBackWalk: 0.0
  GuardSideWalk: 0.0
  GuardWalk: 0.0
  RainRun: 3.90700006
  Run: 4.79300022
  SideWalk: 0.0
  Walk: 1.35500002
