AngularLimitDeltaNeg: 4.0
AngularLimitDeltaPos: 4.0
AngularLimitMax: 20.0
AngularLimitMin: -20.0
AnimeSpeeds:
- AngularSpeeds: [0.469999999, 2.75, 0.0, 0.0]
  LinearSpeeds: [0.639999986, 7.86999989, 0.0, 0.0]
- AngularSpeeds: [1.96000004, 2.3599999, 0.0, 0.0]
  LinearSpeeds: [6.73999977, 7.86999989, 0.0, 0.0]
- AngularSpeeds: [4.09000015, 0.0, 0.0, 0.0]
  LinearSpeeds: [13.4899998, 0.0, 0.0, 0.0]
- AngularSpeeds: [0.469999999, 2.75, 0.0, 0.0]
  LinearSpeeds: [0.639999986, 7.86999989, 0.0, 0.0]
- AngularSpeeds: [0.0, 0.0, 0.0, 0.0]
  LinearSpeeds: [0.0, 0.0, 0.0, 0.0]
- AngularSpeeds: [0.0, 0.0, 0.0, 0.0]
  LinearSpeeds: [0.0, 0.0, 0.0, 0.0]
BasePlayRate: 1.0
BodyPivotAdjustRange: 1.0
IsEnableBodyPivotAdjust: true
IsSetWaitASAtGear0: false
OverrideSteeringOutputKd: 0.400000006
OverrideSteeringOutputKi: 0.100000001
OverrideSteeringOutputKp: 0.600000024
SteeringOutputAvoidLerpRatio: 0.0799999982
SteeringOutputDLerpRatio: 0.600000024
SteeringOutputIClamp: 1.0
SteeringOutputIIRLerpRatio: 0.340000004
SteeringOutputIReduceRatio: 0.5
SteeringOutputKd: 0.00999999978
SteeringOutputKi: 0.0199999996
SteeringOutputKp: 3.0
