!io
version: 0
type: aglsky
param_root: !list
  objects:
    sky: !obj
      version: 2
      static_rayleigh_base_height: 15.0
      3995358905: !vec3 [0.0041100001, 0.0112749999, 0.0283640008]
      static_mie_base_height: 1.0
      static_mie_scattering_coeff: 0.00179999997
      static_mie_symmetrical_prop: 0.800000012
      dynamic_rayleigh_amplifier: 1.0
      dynamic_mie_symmetrical_prop: 0.400000006
      dynamic_mie_amplifier: 196.0
      dynamic_color: !color [0.145999998, 1.0, 0.763999999, 0.0]
      scatter_fog_near: 0.0
      scatter_fog_far: 30000.0
      scatter_fog_density: 0.850000024
      scatter_fog_atten: 45.0
      scatter_fog_horz: 3.0
      adhoc_fog_near: 20.0
      adhoc_fog_far: 300.0
      adhoc_fog_atten_grd: 4.0
      adhoc_fog_atten_sky: 0.5
      adhoc_fog_atten_minscale_sky: 0.300000012
      adhoc_fog_color: !color [0.141000003, 0.703999996, 0.779999971, 0.200000003]
      render_sun_intensity: 100.0
      render_sun_size: 1.0
      render_sun_lerp: 1.0
      ground_color: !color [0.100000001, 0.338999987, 0.388999999, 0.0]
      flg: !u 100
      rayleigh_base_height: 20.0
      mie_base_height: 2.0
      mie_scattering_coeff: 0.00179999997
      mie_symmetrical_prop: 0.800000012
      rayleigh_amplifier_rendering: 1.0
      mie_symmetrical_prop_rendering: 0.800000012
      mie_amplifier_rendering: 2.0
      sun_color: !color [0.200000003, 0.777999997, 0.777999997, 10.0]
  lists: {}
