!io
version: 0
type: ksky
param_root: !list
  objects:
    sky: !obj
      sun_color: !color [1.5, 1.0, 1.10000002, 15.0]
      render_sun_intensity: 20000.0
      render_sun_size: 4.0
      render_sun_lerp: 0.100000001
      rayleigh_base_height: 8.0
      mie_base_height: 1.20000005
      mie_scattering_coeff: 0.00400000019
      mie_symmetrical_prop: 0.800000012
      scatter_fog_near: 9000.0
      scatter_fog_far: 10000.0
      scatter_fog_density: 0.0
      scatter_fog_atten: 2.5
      scatter_fog_horz: 1.0
      adhoc_fog_near: 9000.0
      adhoc_fog_far: 10000.0
      196728483: 0.0
      adhoc_fog_atten_grd: 1.0
      adhoc_fog_atten_sky: 0.300000012
      adhoc_fog_color: !color [0.0160000008, 0.172000006, 0.449999988, 1.0]
      flg: !u 228
  lists: {}
