BodyAnimationRatio:
  Arm_1_L: 0.100000001
  Arm_1_R: 0.100000001
  Arm_2_L: 0.200000003
  Arm_2_R: 0.200000003
  Clavicle_L: 0.200000003
  Clavicle_R: 0.100000001
  Head: 0.200000003
  Skl_Root: 0.100000001
  Spine_1: 0.200000003
  Weapon_R: 0.800000012
  Wrist_L: 0.5
  Wrist_R: 0.5
DefaultAnimationRatio: 1.0
