$parent: Work/Phive/Ragdoll/AnimationDrive/EnemyBase_SmallDamage_WhileAttacking.phive__RagdollAnimationDriveParam.gyml
BodyAnimationRatio:
  Arm_1_L: 0.99000001
  Arm_1_R: 0.99000001
  Clavicle_L: 0.899999976
  Clavicle_R: 0.899999976
  Head: 0.349999994
  Leg_1_L: 0.99000001
  Leg_1_R: 0.99000001
  Neck_1: 0.600000024
  Skl_Root: 0.600000024
  Spine_1: 0.600000024
  Waist: 0.600000024
