BodyAnimationRatio:
  Ankle_L: 0.5
  Ankle_R: 0.5
  Arm_1_L: 0.800000012
  Arm_1_R: 0.800000012
  Arm_2_L: 0.600000024
  Arm_2_R: 0.600000024
  Head: 0.800000012
  Leg_1_L: 0.600000024
  Leg_1_R: 0.600000024
  Leg_2_L: 0.600000024
  Leg_2_R: 0.600000024
  Wrist_L: 0.5
  Wrist_R: 0.5
BodyDriveType: {Weapon_R: Motor}
DefaultDriveType: Motor
