DragForce: 1.5625
DragForceStrong: 0.937489986
FluctuationPeriod: 0.400000006
Frequency: 2.4000001
FrequencyStrong: 2.0999999
SubWindStrong: {X: 0.0, Y: 2.0, Z: 0.0}
SwingFactor: 0.649999976
SwingFactorStrong: 0.382800013
UseStrongWind: true
