$parent: Work/Phive/Ragdoll/AnimationDrive/SageBase_FullDynamic_Default.phive__RagdollAnimationDriveParam.gyml
BodyAnimationRatio:
  Ankle_L: 0.5
  Ankle_R: 0.5
  Arm_1_L: 0.649999976
  Arm_1_R: 0.649999976
  Arm_2_L: 0.699999988
  Arm_2_R: 0.699999988
  Head: 0.800000012
  Leg_1_L: 0.649999976
  Leg_1_R: 0.649999976
  Leg_2_L: 0.699999988
  Leg_2_R: 0.699999988
  Spine_2: 0.699999988
  Weapon_Leg_L: 0.0
  Wrist_L: 0.699999988
  Wrist_R: 0.699999988
BodyDriveType: {}
MotorDampingScale: 3.0
