$parent: Work/Phive/Ragdoll/AnimationDrive/EnemyBase_SmallDamage_Default.phive__RagdollAnimationDriveParam.gyml
BodyAnimationRatio:
  Arm_1_L: 0.400000006
  Arm_1_R: 0.400000006
  Arm_2_L: 0.600000024
  Arm_2_R: 0.600000024
  Head: 0.200000003
  Leg_1_L: 0.699999988
  Leg_1_R: 0.699999988
  Leg_2_L: 0.99000001
  Leg_2_R: 0.99000001
  Skl_Root: 0.699999988
  Spine_1: 0.5
  Wrist_L: 0.699999988
  Wrist_R: 0.699999988
