$parent: Work/Phive/Ragdoll/AnimationDrive/EnemyBase_SmallDamage_Default.phive__RagdollAnimationDriveParam.gyml
BodyAnimationRatio:
  Arm_1_L: 0.5
  Arm_1_R: 0.5
  Arm_2_L: 0.400000006
  Arm_2_R: 0.400000006
  Clavicle_L: 0.5
  Clavicle_R: 0.5
  Head: 0.150000006
  Leg_1_L: 0.699999988
  Leg_1_R: 0.699999988
  Leg_2_L: 0.99000001
  Leg_2_R: 0.99000001
  Neck_1: 0.25
  Skl_Root: 0.200000003
  Spine_1: 0.200000003
  Waist: 0.200000003
  Weapon_R: 1.0
  Wrist_L: 0.5
  Wrist_R: 0.5
