AnmDrivenPosVel:
  BackWalk: 0.107000001
  BattleRun: 0.203999996
  BattleWalk: 0.107000001
  BattleWalkLoop: 0.107000001
  Face_C_Run: 0.0
  GuardBackWalk: 0.107000001
  GuardWalk: 0.107000001
  RainRun: 0.163000003
  Run: 0.163000003
  Run_GoronRoll: 0.458999991
  Walk: 0.0299999993
CurveSpeed:
  BackWalk: 0.0
  BattleRun: 4.57000017
  BattleWalk: 0.0
  BattleWalkLoop: 0.0
  Face_C_Run: 0.0
  GuardBackWalk: 0.0
  GuardWalk: 0.0
  RainRun: 3.84200001
  Run: 3.83500004
  Run_GoronRoll: 6.41099977
  Walk: 1.16499996
