AnmDrivenPosVel:
  BackWalk: 0.061999999
  BackWalkUnequip: 0.0250000004
  BattleRun: 0.200000003
  BattleWalk: 0.061999999
  BattleWalkLoop: 0.0909999982
  BattleWalkUnequip: 0.0270000007
  Face_C_Run: 0.184
  GuardBackWalk: 0.063000001
  GuardSideWalk: 0.061999999
  GuardWalk: 0.061999999
  RainRun: 0.133000001
  Run: 0.200000003
  Run_GoronRoll: 0.323000014
  SideWalk: 0.061999999
  Walk: 0.0579999983
CurveSpeed:
  BackWalk: 0.0
  BackWalkUnequip: 0.0
  BattleRun: 4.64799976
  BattleWalk: 0.0
  BattleWalkLoop: 0.0
  BattleWalkUnequip: 0.0
  Face_C_Run: 0.0
  GuardBackWalk: 0.0
  GuardSideWalk: 0.0
  GuardWalk: 0.0
  RainRun: 3.08500004
  Run: 4.88199997
  Run_GoronRoll: 6.31500006
  SideWalk: 0.0
  Walk: 1.11899996
