$parent: Work/Component/QuadrupedParam/Animal_Boar_A.game__component__QuadrupedParam.gyml
AnimeSpeeds:
- AngularSpeeds: [1.03999996, 5.11000013, 0.0, 0.0]
  LinearSpeeds: [1.44000006, 10.0200005, 0.0, 0.0]
- AngularSpeeds: [3.93000007, 5.88999987, 0.0, 0.0]
  LinearSpeeds: [7.71000004, 11.5600004, 0.0, 0.0]
- AngularSpeeds: [6.80999994, 0.0, 0.0, 0.0]
  LinearSpeeds: [15.4099998, 0.0, 0.0, 0.0]
- AngularSpeeds: [1.03999996, 5.11000013, 0.0, 0.0]
  LinearSpeeds: [1.44000006, 10.0200005, 0.0, 0.0]
- AngularSpeeds: [0.0, 0.0, 0.0, 0.0]
  LinearSpeeds: [0.0, 0.0, 0.0, 0.0]
- AngularSpeeds: [0.0, 0.0, 0.0, 0.0]
  LinearSpeeds: [0.0, 0.0, 0.0, 0.0]
BasePlayRate: 1.0
BodyPivotAdjustRange: 1.0
IsEnableBodyPivotAdjust: true
IsSetWaitASAtGear0: false
OverrideSteeringOutputKd: 0.300000012
OverrideSteeringOutputKi: 0.400000006
OverrideSteeringOutputKp: 0.600000024
SteeringOutputAvoidLerpRatio: 0.0799999982
SteeringOutputDLerpRatio: 0.600000024
SteeringOutputIClamp: 0.200000003
SteeringOutputIIRLerpRatio: 0.400000006
SteeringOutputIReduceRatio: 0.400000006
SteeringOutputKd: 0.00999999978
SteeringOutputKi: 0.0199999996
SteeringOutputKp: 2.20000005
