$parent: Work/Component/QuadrupedParam/GameRomHorse.game__component__QuadrupedParam.gyml
AnimeSpeeds:
- AngularSpeeds: [1.30999994, 1.87, 1.39999998, 0.0]
  LinearSpeeds: [2.3900001, 7.88999987, 14.8000002, 0.0]
- AngularSpeeds: [1.30999994, 1.87, 1.39999998, 0.0]
  LinearSpeeds: [2.3900001, 7.88999987, 14.8000002, 0.0]
- AngularSpeeds: [1.30999994, 1.87, 1.39999998, 0.0]
  LinearSpeeds: [2.3900001, 7.88999987, 14.8000002, 0.0]
- AngularSpeeds: [1.30999994, 1.87, 1.39999998, 0.0]
  LinearSpeeds: [2.3900001, 7.88999987, 14.8000002, 0.0]
- AngularSpeeds: [1.30999994, 1.87, 1.39999998, 0.0]
  LinearSpeeds: [2.3900001, 7.88999987, 14.8000002, 0.0]
- AngularSpeeds: [1.30999994, 1.87, 1.39999998, 0.0]
  LinearSpeeds: [2.3900001, 7.88999987, 14.8000002, 0.0]
CalmDownNum: 30.0
IsEnableNeckPartialSplit: true
JumpPhysicsScale: 1.08000004
MaxGear: Gear3
