AddMoisture: 15.0
BloomIntencity: 1.0
BloomThreshhold: 0.100000001
CalcMie: 2.0
CalcMieSymmetrical: 0.800000012
CalcRayleigh: 1.0
CalcVolumeMaskIntencity: 1.75
EnumLabel: BlueSkyRain
FeatureColor: {A: 1.0, B: 0.600000024, G: 0.600000024, R: 0.600000024}
FeatureFogColor: {A: 1.0, B: 1.10000002, G: 1.20000005, R: 1.29999995}
