AddMoisture: 20.0
BloomIntencity: 1.25
BloomThreshhold: 0.5
CalcMie: 0.75
CalcMieSymmetrical: 1.0
CalcRayleigh: 0.5
CalcVolumeMaskIntencity: 0.5
EnumLabel: Rain
FeatureColor: {A: 1.0, B: 0.728999972, G: 0.614000022, R: 0.524999976}
FeatureFogColor: {A: 1.0, B: 1.0, G: 0.879999995, R: 0.768000007}
