AddMoisture: 25.0
BloomIntencity: 1.5
BloomThreshhold: 0.25
CalcMie: 0.75
CalcMieSymmetrical: 1.0
CalcRayleigh: 0.5
CalcVolumeMaskIntencity: 0.5
EnumLabel: HeavyRain
FeatureColor: {A: 1.0, B: 0.566999972, G: 0.433999985, R: 0.328999996}
FeatureFogColor: {A: 1.0, B: 1.0, G: 0.879999995, R: 0.768000007}
