CurveSpeed:
  BackWalk: 0.0
  BattleRun: -1.57500005
  BattleWalk: 0.0
  BattleWalkLoop: 0.0
  GuardBackWalk: 0.0
  GuardSideWalk: 0.0
  GuardWalk: 0.0
  RainRun: -1.52499998
  Run: -1.52499998
  SideWalk: 0.0
  Walk: -0.503000021
