AnimeSpeeds:
- AngularSpeeds: [1.57000005, 3.29999995, 0.0, 0.0]
  LinearSpeeds: [1.14999998, 0.0, 0.0, 0.0]
- AngularSpeeds: [1.57000005, 1.57000005, 0.0, 0.0]
  LinearSpeeds: [1.14999998, 1.14999998, 0.0, 0.0]
- AngularSpeeds: [0.0, 0.0, 0.0, 0.0]
  LinearSpeeds: [19.3799992, 0.0, 0.0, 0.0]
- AngularSpeeds: [1.57000005, 3.29999995, 0.0, 0.0]
  LinearSpeeds: [1.14999998, 0.0, 0.0, 0.0]
- AngularSpeeds: [0.0, 0.0, 0.0, 0.0]
  LinearSpeeds: [0.0, 0.0, 0.0, 0.0]
- AngularSpeeds: [0.0, 0.0, 0.0, 0.0]
  LinearSpeeds: [0.0, 0.0, 0.0, 0.0]
MaxGear: Gear2
OverrideSteeringOutputKd: 0.219999999
OverrideSteeringOutputKi: 0.100000001
OverrideSteeringOutputKp: 1.89999998
SteeringOutputAvoidLerpRatio: 0.0799999982
SteeringOutputDLerpRatio: 0.200000003
SteeringOutputIClamp: 1.0
SteeringOutputIIRLerpRatio: 0.400000006
SteeringOutputIReduceRatio: 0.5
SteeringOutputKi: 0.25
SteeringOutputKp: 3.0
