BloomClampedLuminance: 1.0
BloomIntencity: 0.349999994
BloomThreshhold: 0.300000012
CalcVolumeMaskIntencity: 12.0
FeatureColor: {A: 1.0, B: 0.435294092, G: 0.466666698, R: 0.337254912}
FogAttenuationForGrd: 1.0
FogColor: {A: 0.349999994, B: 0.498039186, G: 0.498039186, R: 0.168627501}
FogEnd: 35.0
FogStart: -10.0
VolumeFogColor: {A: 1.0, B: 0.145098001, G: 0.180392206, R: 0.0625}
WaterSpecularAO: 0.300000012
