BloomClampedLuminance: 1.0
BloomIntencity: 0.349999994
BloomThreshhold: 0.600000024
CalcVolumeMaskIntencity: 5.0
FeatureColor: {A: 1.0, B: 0.721568584, G: 0.760784328, R: 0.721568584}
FogAttenuationForGrd: 1.0
FogColor: {A: 0.25, B: 0.227450997, G: 0.254902005, R: 0.168627501}
FogEnd: 180.0
FogRatio: 0.0
FogStart: -20.0
IsOverwriteFogColor: true
IsOverwriteVolumeFogColor: true
VolumeFogColor: {A: 1.0, B: 0.145098001, G: 0.180392206, R: 0.0666666701}
WaterSpecularAO: 0.800000012
