AdjustBoneLengthAndPivot: false
AdjustBoneLengthEveryFrame: false
BodyAnimationRatio:
  Ankle_L: 0.600000024
  Ankle_R: 0.600000024
  Arm_1_L: 0.800000012
  Arm_1_R: 0.800000012
  Arm_2_L: 0.800000012
  Arm_2_R: 0.800000012
  Finger_A_1_L: 0.800000012
  Finger_A_1_R: 0.800000012
  Finger_B_1_L: 0.800000012
  Finger_B_1_R: 0.800000012
  Finger_C_1_L: 0.800000012
  Finger_C_1_R: 0.800000012
  Head: 0.800000012
  Leg_1_L: 0.800000012
  Leg_1_R: 0.800000012
  Leg_2_L: 0.579999983
  Leg_2_R: 0.579999983
  Spine_1: 0.800000012
  Spine_2: 0.800000012
  Tail_1: 0.300000012
  Tail_3: 0.100000001
  Tail_5: 0.100000001
  Tail_7: 0.0
  Waist: 0.800000012
  Wing_L: 0.800000012
  Wing_R: 0.800000012
  Wrist_L: 0.800000012
  Wrist_R: 0.800000012
BodyDriveType: {}
DefaultAnimationRatio: 0.600000024
DefaultDriveType: Motor
FootIKOption: ForceDisable
HandIKOption: ForceDisable
KinematicEnd: false
LookIKOption: Enable
MotorDampingScale: 1.0
MotorStiffnessScale: 1.0
NumReactionEndFrames: 5
NumReactionFrames: -1
OperationAngular: []
OperationLinear:
- ApplyNumFrames: 0
  Body: Spine_2
  Dir: {X: 0.0, Y: 0.0, Z: 1.0}
  FixedDirection: false
  OperationSpace: WorldSpace
  Speed: 20.0
- ApplyNumFrames: 0
  Body: ''
  Dir: {X: 0.0, Y: 1.0, Z: 1.0}
  FixedDirection: false
  OperationSpace: ModelSpace
  Speed: 5.0
StableThreshold: 0.600000024
StartWithAdjustBoneLength: false
StartWithCurrentPose: true
