$parent: Work/Phive/Ragdoll/AnimationDrive/EnemyBase_FullDynamic_Default.phive__RagdollAnimationDriveParam.gyml
BodyAnimationRatio:
  Ankle_L: 0.800000012
  Ankle_R: 0.800000012
  Arm_1_L: 0.699999988
  Arm_1_R: 0.699999988
  Arm_2_L: 0.699999988
  Arm_2_R: 0.699999988
  Leg_1_L: 0.800000012
  Leg_1_R: 0.800000012
  Leg_2_L: 0.800000012
  Leg_2_R: 0.800000012
  Neck: 0.600000024
  Skl_Root: 0.899999976
  Spine_1: 0.899999976
  Spine_3: 0.899999976
  Spine_5: 0.899999976
  Wrist_L: 0.5
  Wrist_R: 0.5
DefaultAnimationRatio: 1.0
DefaultDriveType: Motor
MotorDampingScale: 1.0
MotorStiffnessScale: 0.899999976
