$parent: Work/Phive/Ragdoll/AnimationDrive/Zombie_FullDynamic_Default.phive__RagdollAnimationDriveParam.gyml
BodyAnimationRatio:
  Ankle_L: 0.949999988
  Ankle_R: 0.949999988
  Arm_1_L: 0.949999988
  Arm_1_R: 0.949999988
  Arm_2_L: 0.949999988
  Arm_2_R: 0.949999988
  Leg_1_L: 0.949999988
  Leg_1_R: 0.949999988
  Leg_2_L: 0.949999988
  Leg_2_R: 0.949999988
  Neck: 1.0
  Skl_Root: 1.0
  Spine_1: 1.0
  Spine_3: 1.0
  Spine_5: 1.0
  Wrist_L: 0.949999988
  Wrist_R: 0.949999988
MotorStiffnessScale: 0.850000024
