$parent: Work/Phive/Ragdoll/AnimationDrive/SageBase_FullDynamic_Default.phive__RagdollAnimationDriveParam.gyml
BodyAnimationRatio:
  Ankle_L: 0.300000012
  Ankle_R: 0.300000012
  Arm_1_L: 0.800000012
  Arm_1_R: 0.800000012
  Arm_2_L: 0.699999988
  Arm_2_R: 0.699999988
  Head: 0.800000012
  Leg_1_L: 0.800000012
  Leg_1_R: 0.800000012
  Leg_2_L: 0.649999976
  Leg_2_R: 0.600000024
  Spine_2: 0.800000012
  Weapon_L: 1.0
  Weapon_R: 1.0
  Wrist_L: 0.5
  Wrist_R: 0.5
BodyDriveType: {}
MotorDampingScale: 5.0
