$parent: Work/Phive/Ragdoll/AnimationDrive/EnemyBase_SmallDamage_Default.phive__RagdollAnimationDriveParam.gyml
BodyAnimationRatio:
  Arm_1_L: 0.200000003
  Arm_1_R: 0.200000003
  Arm_2_L: 0.300000012
  Arm_2_R: 0.300000012
  Head: 0.100000001
  Leg_1_L: 0.800000012
  Leg_1_R: 0.800000012
  Neck_1: 0.200000003
  Skl_Root: 0.5
  Spine_1: 0.400000006
  Spine_2: 0.300000012
  Tail_1: 1.0
  Tail_3: 1.0
  Tail_5: 1.0
  Tail_8: 1.0
  Weapon_R: 1.0
  Wrist_L: 0.400000006
  Wrist_R: 0.400000006
BodyDriveType: {}
