NoEscapeArea_DefeatGanondorf_ArmyBattle:
  Rot: [0.0, 0.0, 0.0]
  Scale: [1600.0, 1000.0, 1600.0]
  Shape: 0
  Trans: [-249.21817, -2222.88452, -581.272461]
NoEscapeArea_DefeatGanondorf_BossBattle:
  Rot: [0.0, 0.0, 0.0]
  Scale: [1600.0, 1000.0, 1600.0]
  Shape: 0
  Trans: [-249.21817, -2223.88452, -581.272461]
