NoEscapeArea_HyruleCastleIncident:
  Rot: [0.0, 0.0, 0.0]
  Scale: [100.0, 100.0, 100.0]
  Shape: 0
  Trans: [-40.0, 230.0, -40.0]
NoEscapeArea_SageOfWind:
  Rot: [0.0, 0.785398126, 0.0]
  Scale: [600.0, 450.0, 600.0]
  Shape: 0
  Trans: [9.19238758, 200.0, 9.19238758]
