$parent: Work/Phive/Ragdoll/AnimationDrive/EnemyBase_SmallDamage_Default.phive__RagdollAnimationDriveParam.gyml
BodyAnimationRatio:
  Arm_1_L: 0.300000012
  Arm_1_R: 0.300000012
  Arm_2_L: 0.400000006
  Arm_2_R: 0.400000006
  Head: 0.300000012
  Leg_1_L: 0.800000012
  Leg_1_R: 0.800000012
  Leg_2_L: 0.899999976
  Leg_2_R: 0.899999976
  Skl_Root: 0.300000012
  Spine_1: 0.300000012
  Spine_2: 0.300000012
  Weapon_R: 1.0
  Wrist_L: 0.800000012
  Wrist_R: 0.800000012
