$parent: Work/Phive/Ragdoll/AnimationDrive/EnemyBase_SmallDamage_Default.phive__RagdollAnimationDriveParam.gyml
BodyAnimationRatio:
  Arm_1_L: 0.300000012
  Arm_1_R: 0.300000012
  Arm_2_L: 0.600000024
  Arm_2_R: 0.600000024
  Leg_1_L: 0.800000012
  Leg_1_R: 0.800000012
  Neck: 0.25
  Skl_Root: 0.400000006
  Spine_1: 0.300000012
  Wrist_L: 0.600000024
  Wrist_R: 0.600000024
