$parent: Work/Phive/Ragdoll/AnimationDrive/EnemyBase_SmallDamage_Default.phive__RagdollAnimationDriveParam.gyml
BodyAnimationRatio:
  Arm_1_L: 0.400000006
  Arm_1_R: 0.400000006
  Arm_2_L: 0.400000006
  Arm_2_R: 0.400000006
  Leg_1_L: 0.99000001
  Leg_1_R: 0.99000001
  Skl_Root: 0.300000012
  Spine_1: 0.100000001
  Spine_2: 0.200000003
  Wrist_L: 0.5
  Wrist_R: 0.5
