$parent: Work/Component/QuadrupedParam/Animal_Fox_A.game__component__QuadrupedParam.gyml
AnimeSpeeds:
- AngularSpeeds: [3.52999997, 0.0, 0.0, 0.0]
  LinearSpeeds: [1.79999995, 0.0, 0.0, 0.0]
- AngularSpeeds: [8.84000015, 11.7799997, 0.0, 0.0]
  LinearSpeeds: [6.4000001, 8.53999996, 0.0, 0.0]
- AngularSpeeds: [35.3400002, 0.0, 0.0, 0.0]
  LinearSpeeds: [25.6100006, 0.0, 0.0, 0.0]
- AngularSpeeds: [0.0, 0.0, 0.0, 0.0]
  LinearSpeeds: [2.4000001, 17.0799999, 0.0, 0.0]
- AngularSpeeds: [0.0, 0.0, 0.0, 0.0]
  LinearSpeeds: [0.0, 0.0, 0.0, 0.0]
- AngularSpeeds: [0.0, 0.0, 0.0, 0.0]
  LinearSpeeds: [0.0, 0.0, 0.0, 0.0]
BasePlayRate: 1.0
IsSetWaitASAtGear0: false
OverrideSteeringOutputKd: 2.5999999
OverrideSteeringOutputKi: 0.0500000007
OverrideSteeringOutputKp: 0.200000003
SteeringOutputAvoidLerpRatio: 0.0799999982
SteeringOutputDLerpRatio: 0.200000003
SteeringOutputIClamp: 1.0
SteeringOutputIIRLerpRatio: 0.400000006
SteeringOutputIReduceRatio: 0.0
SteeringOutputKd: 0.00200000009
SteeringOutputKi: 0.150000006
SteeringOutputKp: 3.0
