$parent: Work/Component/QuadrupedParam/Animal_Boar_A.game__component__QuadrupedParam.gyml
AnimeSpeeds:
- AngularSpeeds: [1.17999995, 5.5, 0.0, 0.0]
  LinearSpeeds: [0.75, 4.73999977, 0.0, 0.0]
- AngularSpeeds: [6.86999989, 9.02999973, 0.0, 0.0]
  LinearSpeeds: [5.92999983, 7.78999996, 0.0, 0.0]
- AngularSpeeds: [11.7799997, 0.0, 0.0, 0.0]
  LinearSpeeds: [10.1599998, 0.0, 0.0, 0.0]
- AngularSpeeds: [1.17999995, 5.5, 0.0, 0.0]
  LinearSpeeds: [0.75, 4.73999977, 0.0, 0.0]
- AngularSpeeds: [0.0, 0.0, 0.0, 0.0]
  LinearSpeeds: [0.0, 0.0, 0.0, 0.0]
- AngularSpeeds: [0.0, 0.0, 0.0, 0.0]
  LinearSpeeds: [0.0, 0.0, 0.0, 0.0]
BasePlayRate: 1.0
IsCheckStuckConsiderY: true
IsSetWaitASAtGear0: false
OverrideSteeringOutputKd: 0.100000001
OverrideSteeringOutputKi: 0.25
OverrideSteeringOutputKp: 1.20000005
SteeringOutputAvoidLerpRatio: 0.0799999982
SteeringOutputDLerpRatio: 0.200000003
SteeringOutputIClamp: 1.0
SteeringOutputIIRLerpRatio: 0.400000006
SteeringOutputIReduceRatio: 0.5
SteeringOutputKd: 0.0
SteeringOutputKi: 0.25
SteeringOutputKp: 3.0
