$parent: Work/Component/QuadrupedParam/Animal_Boar_A.game__component__QuadrupedParam.gyml
AnimeSpeeds:
- AngularSpeeds: [1.17999995, 1.96000004, 0.0, 0.0]
  LinearSpeeds: [1.71000004, 8.31000042, 0.0, 0.0]
- AngularSpeeds: [2.3599999, 2.95000005, 0.0, 0.0]
  LinearSpeeds: [9.97000027, 12.46, 0.0, 0.0]
- AngularSpeeds: [3.93000007, 0.0, 0.0, 0.0]
  LinearSpeeds: [16.6100006, 0.0, 0.0, 0.0]
- AngularSpeeds: [1.17999995, 1.96000004, 0.0, 0.0]
  LinearSpeeds: [1.71000004, 8.31000042, 0.0, 0.0]
- AngularSpeeds: [0.0, 0.0, 0.0, 0.0]
  LinearSpeeds: [0.0, 0.0, 0.0, 0.0]
- AngularSpeeds: [0.0, 0.0, 0.0, 0.0]
  LinearSpeeds: [0.0, 0.0, 0.0, 0.0]
BasePlayRate: 1.0
IsSetWaitASAtGear0: false
OverrideSteeringOutputKd: 0.300000012
OverrideSteeringOutputKi: 0.150000006
OverrideSteeringOutputKp: 1.79999995
SteeringOutputAvoidLerpRatio: 0.0799999982
SteeringOutputDLerpRatio: 0.200000003
SteeringOutputIClamp: 1.0
SteeringOutputIIRLerpRatio: 0.400000006
SteeringOutputIReduceRatio: 0.5
SteeringOutputKd: 0.0
SteeringOutputKi: 0.25
SteeringOutputKp: 3.0
