$parent: Work/Phive/Ragdoll/AnimationDrive/EnemyBase_SmallDamage_WhileAttacking.phive__RagdollAnimationDriveParam.gyml
BodyAnimationRatio:
  Arm_1_L: 0.800000012
  Arm_1_R: 0.800000012
  Arm_2_L: 0.800000012
  Arm_2_R: 0.800000012
  Head: 0.699999988
  Leg_1_L: 0.99000001
  Leg_1_R: 0.99000001
  Leg_2_L: 1.0
  Leg_2_R: 1.0
  Skl_Root: 0.800000012
  Spine_1: 0.800000012
