$parent: Work/Phive/Ragdoll/AnimationDrive/EnemyBase_FullDynamic_Default.phive__RagdollAnimationDriveParam.gyml
BodyAnimationRatio:
  Arm_1_L: 0.99000001
  Arm_1_R: 0.99000001
  Arm_2_L: 0.00999999978
  Arm_2_R: 0.00999999978
  Arm_3_L: 0.00999999978
  Arm_3_R: 0.00999999978
  Arm_4_L: 0.00999999978
  Arm_4_R: 0.00999999978
  Arm_5_L: 0.00999999978
  Arm_5_R: 0.00999999978
  Arm_6_L: 0.00999999978
  Arm_6_R: 0.00999999978
  Hand_L: 0.150000006
  Hand_R: 0.150000006
  Head: 0.200000003
  Neck_1: 0.200000003
  Weapon_R: 1.0
BodyDriveType: {Weapon_R: Motor}
DefaultAnimationRatio: 0.99000001
DefaultDriveType: Velocity
MotorDampingScale: 1.0
MotorStiffnessScale: 1.0
