BloomClampedLuminance: 1.0
BloomIntencity: 0.349999994
BloomThreshhold: 0.600000024
CalcVolumeMaskIntencity: 12.0
FeatureColor: {A: 1.0, B: 0.0784313828, G: 0.160784304, R: 0.0862745121}
FogAttenuationForGrd: 1.0
FogColor: {A: 0.300000012, B: 0.917647123, G: 1.0, R: 0.882352889}
FogEnd: 30.0
FogRatio: 0.0
FogStart: 0.0
IsOverwriteFogColor: true
IsOverwriteVolumeFogColor: true
VolumeFogColor: {A: 1.0, B: 0.145098001, G: 0.180392206, R: 0.0666666701}
WaterSpecularAO: 0.5
