BloomClampedLuminance: 1.0
BloomIntencity: 0.300000012
BloomThreshhold: 0.600000024
CalcVolumeMaskIntencity: 8.0
FeatureColor: {A: 1.0, B: 1.0, G: 1.0, R: 0.899999976}
FogColor: {A: 0.25, B: 0.250980407, G: 0.250980407, R: 0.125490203}
FogEnd: 80.0
FogStart: 0.0
VolumeFogColor: {A: 1.0, B: 0.145098001, G: 0.180392206, R: 0.0666666701}
WaterSpecularAO: 0.800000012
