$parent: Work/WorldMgr/CavePalette/Default.game__wm__CavePalette.gyml
BloomClampedLuminance: 1.0
BloomIntencity: 0.0500000007
BloomThreshhold: 0.200000003
CalcVolumeMaskIntencity: 12.0
FeatureColor: {A: 1.0, B: 0.899999976, G: 1.0, R: 1.0}
FogColor: {A: 0.25, B: 0.133333296, G: 0.26666671, R: 0.298039198}
FogEnd: 80.0
FogStart: -10.0
VolumeFogColor: {A: 1.0, B: 0.0627451017, G: 0.180392206, R: 0.117647097}
