AnimeSpeeds:
- AngularSpeeds: [1.17999995, 2.82999992, 0.0, 0.0]
  LinearSpeeds: [0.75, 3.0, 0.0, 0.0]
- AngularSpeeds: [11.7799997, 10.1000004, 0.0, 0.0]
  LinearSpeeds: [11.25, 9.64000034, 0.0, 0.0]
- AngularSpeeds: [20.2000008, 0.0, 0.0, 0.0]
  LinearSpeeds: [19.2900009, 0.0, 0.0, 0.0]
- AngularSpeeds: [1.17999995, 2.82999992, 0.0, 0.0]
  LinearSpeeds: [0.75, 3.0, 0.0, 0.0]
- AngularSpeeds: [0.0, 0.0, 0.0, 0.0]
  LinearSpeeds: [0.0, 0.0, 0.0, 0.0]
- AngularSpeeds: [0.0, 0.0, 0.0, 0.0]
  LinearSpeeds: [0.0, 0.0, 0.0, 0.0]
BasePlayRate: 1.0
IsSetWaitASAtGear0: false
OverrideSteeringOutputKd: 0.600000024
OverrideSteeringOutputKi: 0.200000003
OverrideSteeringOutputKp: 2.20000005
SteeringOutputAvoidLerpRatio: 0.0799999982
SteeringOutputDLerpRatio: 0.200000003
SteeringOutputIClamp: 1.0
SteeringOutputIIRLerpRatio: 0.400000006
SteeringOutputIReduceRatio: 0.5
SteeringOutputKd: 0.0
SteeringOutputKi: 0.25
SteeringOutputKp: 3.0
