BloomClampedLuminance: 3.0
BloomIntencity: 0.25999999
BloomThreshhold: 0.949999988
CalcVolumeMaskIntencity: 0.699999988
FeatureColor: {A: 0.699999988, B: 0.349019587, G: 0.415686309, R: 0.749019623}
IndoorAttenuationForGrd: 1.0
IndoorFogEnd: 24.0
IndoorFogStart: 1.0
