$parent: Work/Phive/Ragdoll/AnimationDrive/EnemyBase_SmallDamage_Default.phive__RagdollAnimationDriveParam.gyml
BodyAnimationRatio:
  Arm_1_L: 0.600000024
  Arm_1_R: 0.600000024
  Arm_2_L: 0.600000024
  Arm_2_R: 0.600000024
  Leg_1_L: 0.5
  Leg_1_R: 0.5
  Leg_2_L: 0.699999988
  Leg_2_R: 0.699999988
  Neck: 0.699999988
  Skl_Root: 0.5
  Spine_1: 0.5
  Spine_3: 0.5
  Spine_5: 0.5
  Wrist_L: 0.600000024
  Wrist_R: 0.600000024
DefaultDriveType: Velocity
