$parent: Work/Phive/Ragdoll/AnimationDrive/Zombie_SmallDamage_WhileAttacking.phive__RagdollAnimationDriveParam.gyml
BodyAnimationRatio:
  Arm_1_L: 0.699999988
  Arm_1_R: 1.0
  Arm_2_L: 1.0
  Arm_2_R: 0.699999988
  Leg_1_L: 0.800000012
  Leg_1_R: 0.800000012
  Leg_2_L: 0.899999976
  Leg_2_R: 0.899999976
  Neck: 0.699999988
  Skl_Root: 0.600000024
  Spine_1: 0.600000024
  Spine_3: 0.600000024
  Spine_5: 0.5
  Wrist_L: 1.0
  Wrist_R: 1.0
