AngularLimitDeltaNeg: 6.0
AngularLimitDeltaPos: 6.0
AngularLimitMax: 35.0
AngularLimitMin: -35.0
AnimeSpeeds:
- AngularSpeeds: [1.17999995, 3.29999995, 0.0, 0.0]
  LinearSpeeds: [1.27999997, 5.67000008, 0.0, 0.0]
- AngularSpeeds: [4.13000011, 5.42999983, 0.0, 0.0]
  LinearSpeeds: [7.09000015, 9.31000042, 0.0, 0.0]
- AngularSpeeds: [7.07999992, 0.0, 0.0, 0.0]
  LinearSpeeds: [12.1499996, 0.0, 0.0, 0.0]
- AngularSpeeds: [1.17999995, 3.29999995, 0.0, 0.0]
  LinearSpeeds: [1.27999997, 5.67000008, 0.0, 0.0]
- AngularSpeeds: [0.0, 0.0, 0.0, 0.0]
  LinearSpeeds: [0.0, 0.0, 0.0, 0.0]
- AngularSpeeds: [0.0, 0.0, 0.0, 0.0]
  LinearSpeeds: [0.0, 0.0, 0.0, 0.0]
BasePlayRate: 1.0
IsSetWaitASAtGear0: false
MaxGear: Gear2
OverrideSteeringOutputKd: 0.100000001
OverrideSteeringOutputKi: 0.200000003
OverrideSteeringOutputKp: 1.60000002
SteeringOutputAvoidLerpRatio: 0.0799999982
SteeringOutputDLerpRatio: 0.200000003
SteeringOutputIClamp: 1.0
SteeringOutputIIRLerpRatio: 0.400000006
SteeringOutputIReduceRatio: 0.5
SteeringOutputKd: 0.0
SteeringOutputKi: 0.25
SteeringOutputKp: 3.0
