$parent: Work/Phive/Ragdoll/AnimationDrive/Ganondorf_SmallDamage_Default.phive__RagdollAnimationDriveParam.gyml
BodyAnimationRatio:
  Arm_1_L: 0.300000012
  Arm_1_R: 0.300000012
  Arm_2_L: 0.400000006
  Arm_2_R: 0.400000006
  Clavicle_L: 0.300000012
  Clavicle_R: 0.300000012
  Head: 0.300000012
  Leg_1_L: 0.400000006
  Leg_1_R: 0.400000006
  Leg_2_L: 0.699999988
  Leg_2_R: 0.699999988
  Neck: 0.300000012
  Skl_Root: 0.400000006
  Spine_1: 0.400000006
  Spine_2: 0.200000003
  Waist: 0.400000006
  Wrist_L: 0.99000001
  Wrist_R: 0.99000001
