DragForce: 0.0
DragForceStrong: 0.899999976
FluctuationPeriod: 0.150000006
Frequency: 0.0
FrequencyStrong: 13.0
ReactionParam:
- {DragForce: 0.0900000036, Frequency: 1.29999995, ReactionSpeed: 5.0, SwingFactor: 0.850000024}
- {DragForce: 0.0900000036, Frequency: 1.29999995, ReactionSpeed: 15.0, SwingFactor: 0.850000024}
- DragForce: 0.800000012
  Frequency: 13.0
  ReactionSpeed: 20.0
  SubWind: {X: 0.0, Y: -5.0, Z: 0.0}
  SwingFactor: 0.550000012
StrongSpeedEnd: 20.0
StrongSpeedStart: 19.0
SubWind: {X: 0.0, Y: 0.0, Z: 0.0}
SubWindStrong: {X: 0.0, Y: 0.0, Z: 0.0}
SwingFactor: 0.0
SwingFactorStrong: 0.5
UseStrongWind: false
