'1659056628266422743':
  PresenceFlagName: SageOfWind_IsAfter_DefeatEnemy_Exp
  Rot: [-0.785398185, -3.09086197e-08, -1.57079637]
  SageType: 4
  Scale: [200.0, 300.0, 400.0]
  Shape: 0
  Trans: [8.99810028, 138.036285, 8.56365967]
'7383968543498190746':
  Rot: [0.0, 0.0, 0.0]
  SageType: 1
  Scale: [400.0, 400.0, 400.0]
  Shape: 0
  Trans: [9.91634941, 20.7000008, -1.82619476]
