$parent: Work/Component/QuadrupedParam/Animal_Boar_A.game__component__QuadrupedParam.gyml
AnimeSpeeds:
- AngularSpeeds: [0.469999999, 2.75, 0.0, 0.0]
  LinearSpeeds: [0.779999971, 9.59000015, 0.0, 0.0]
- AngularSpeeds: [1.96000004, 2.3599999, 0.0, 0.0]
  LinearSpeeds: [8.22000027, 9.59000015, 0.0, 0.0]
- AngularSpeeds: [4.09000015, 0.0, 0.0, 0.0]
  LinearSpeeds: [16.4500008, 0.0, 0.0, 0.0]
- AngularSpeeds: [0.469999999, 2.75, 0.0, 0.0]
  LinearSpeeds: [0.779999971, 9.59000015, 0.0, 0.0]
- AngularSpeeds: [0.0, 0.0, 0.0, 0.0]
  LinearSpeeds: [0.0, 0.0, 0.0, 0.0]
- AngularSpeeds: [0.0, 0.0, 0.0, 0.0]
  LinearSpeeds: [0.0, 0.0, 0.0, 0.0]
BasePlayRate: 1.0
BodyPivotAdjustRange: 1.0
IsEnableBodyPivotAdjust: true
IsSetWaitASAtGear0: false
OverrideSteeringOutputKd: 0.284999996
OverrideSteeringOutputKi: 0.180000007
OverrideSteeringOutputKp: 0.800000012
SteeringOutputAvoidLerpRatio: 0.0799999982
SteeringOutputDLerpRatio: 0.600000024
SteeringOutputIClamp: 1.0
SteeringOutputIIRLerpRatio: 0.340000004
SteeringOutputIReduceRatio: 0.5
SteeringOutputKd: 0.00999999978
SteeringOutputKi: 0.0199999996
SteeringOutputKp: 3.0
