$parent: Work/Phive/Ragdoll/AnimationDrive/EnemyBase_SmallDamage_Default.phive__RagdollAnimationDriveParam.gyml
BodyAnimationRatio:
  Arm_1_L: 0.99000001
  Arm_1_R: 0.99000001
  Arm_2_L: 1.0
  Arm_2_R: 1.0
  Clavicle_L: 0.800000012
  Clavicle_R: 0.800000012
  Head: 0.800000012
  Leg_1_L: 0.99000001
  Leg_1_R: 0.99000001
  Neck: 0.800000012
  Skl_Root: 0.899999976
  Spine_1: 0.899999976
  Spine_2: 0.899999976
  Waist: 0.99000001
  Wrist_L: 1.0
  Wrist_R: 1.0
BodyDriveType: {}
DefaultDriveType: Velocity
MotorStiffnessScale: 1.5
